2 48.2 199.92
1 37.6 199.967
5 121.0 199.688
6 155.8 199.58
4 88.4 199.78
3 60.0 199.857
7 231.2 199.458
8 251.0 199.32
9 310.8 199.168
10 350.2 199.0
11 450.6 198.818
12 512.4 198.62
14 734.8 198.18
15 865.4 197.938
17 1082.4 197.408
13 616.6 198.408
16 1052.4 197.68
18 1300.6 197.12
19 1264.8 196.818
20 1573.6 196.5
23 2120.2 195.458
21 1755.6 196.168
24 2391.6 195.08
22 1953.2 195.82
25 2814.2 194.688
28 3605.4 193.42
27 3133.8 193.857
26 3008.6 194.28
29 3881.6 192.967
30 4117.6 192.5
31 4643.8 192.018
32 4866.0 191.52
33 5229.2 191.008
35 6439.4 189.938
34 5810.2 190.48
36 7345.0 189.38
37 7479.2 188.808
38 7668.0 188.22
39 8367.4 187.618
40 9361.0 187.0
41 9636.2 186.368
42 10665.8 185.72
44 11916.2 184.38
43 11862.6 185.058
45 12977.6 183.688
46 14162.6 182.98
47 14362.4 182.258
48 17486.4 181.52
50 16766.4 180.0
49 16580.6 180.768
51 17254.4 179.217
53 19871.6 177.607
52 20988.8 178.42
54 24445.2 176.78
56 22934.0 175.08
58 23895.8 173.32
55 26279.2 175.938
57 25273.2 174.208
59 30661.8 172.418
61 28602.4 170.568
60 30415.0 171.5
62 28782.4 169.62
63 33233.6 168.658
64 31028.8 167.68
65 33727.6 166.688
66 31661.8 165.68
68 35258.0 163.62
67 39157.8 164.658
69 39278.8 162.568
70 41352.8 161.5
72 39429.8 159.32
71 42172.4 160.418
73 43717.0 158.208
74 44910.6 157.08
75 44682.6 155.938
76 50694.0 154.78
78 51690.4 152.835
77 59210.8 153.738
79 53556.2 151.918
82 57801.0 149.135
80 67729.6 151.0
85 60369.4 146.278
83 67254.0 148.188
81 73551.2 150.068
84 64746.8 147.24
87 59149.0 144.338
86 66761.8 145.315
88 63515.4 143.36
89 69933.4 142.368
90 71770.2 141.375
91 72478.4 140.368
92 80463.2 139.36
93 83395.6 138.338
96 77495.6 135.24
94 82380.2 137.315
97 89565.4 134.188
95 96286.2 136.278
98 94456.0 133.135
99 107105.0 132.068
100 106420.0 131.0
101 108835.6 129.918
102 106388.6 128.835
103 111556.6 127.738
106 95819.2 124.86
105 106564.4 125.808
104 117055.0 126.755
107 123603.8 123.897
108 116340.8 122.935
109 117982.6 121.973
110 118667.8 120.995
111 113356.8 120.017
112 123446.6 119.04
114 121187.4 117.055
113 129200.6 118.047
116 132452.4 115.055
115 155626.8 116.062
120 120917.6 110.995
118 147203.8 113.04
117 156726.0 114.047
122 144690.2 108.935
121 151553.0 109.973
119 173997.6 112.017
123 150421.8 107.898
124 158820.0 106.86
125 152285.0 105.808
126 166187.6 104.755
129 140476.6 101.568
127 160054.0 103.703
128 173592.8 102.635
131 181822.8 99.5925
130 193457.8 100.555
133 170687.0 97.6525
132 181170.4 98.63
135 173260.0 95.6975
134 175094.8 96.675
136 192593.2 94.72
137 190327.6 93.7275
138 185452.0 92.735
139 168648.2 91.7425
140 179070.4 90.75
141 186531.2 89.7425
142 194067.8 88.735
146 196491.4 84.675
147 211839.4 83.6525
143 252402.8 87.7275
145 230739.6 85.6975
144 246727.0 86.72
148 272533.2 82.63
151 275039.0 79.5175
150 320604.8 80.555
152 335343.4 78.48
149 446546.4 81.5925
153 390598.6 77.4275
155 387596.4 75.3225
156 470429.2 74.31
154 532041.6 76.375
158 594162.2 72.355
157 643847.6 73.3325
160 548685.6 70.4
159 645123.4 71.3775
161 517057.6 69.4075
162 603998.8 68.415
166 533039.0 64.43
163 687240.6 67.4225
164 678793.2 66.43
167 507600.6 63.4225
165 685968.4 65.4375
169 619114.4 61.4075
168 748088.6 62.415
173 569261.0 57.3325
172 607763.4 58.355
170 716350.6 60.4
171 788448.4 59.3775
174 675652.8 56.31
178 550295.2 52.175
177 590221.0 53.2125
175 685415.2 55.2875
179 634677.0 51.1375
176 820342.0 54.25
182 719285.0 48.035
183 689954.4 47.0575
181 822870.0 49.0475
180 858774.0 50.1
186 789646.0 44.095
188 703701.4 42.11
185 833319.0 45.0875
184 911895.0 46.08
187 775885.4 43.1025
189 823233.4 41.1175
190 854922.8 40.125
191 890723.2 39.1175
192 697752.8 38.11
193 769794.6 37.1025
195 781388.4 35.0875
194 908767.8 36.095
197 706547.2 33.0575
196 747500.0 34.08
199 714426.8 31.0125
200 753808.6 29.99
198 873916.8 32.035
201 788628.2 28.9675
202 932832.0 27.945
204 787645.0 25.87
203 973986.4 26.9075
205 870613.4 24.8325
211 750607.6 18.7825
206 971539.8 23.795
207 896871.2 22.7575
208 887934.2 21.76
210 857285.8 19.775
209 971271.2 20.7675
213 820322.4 16.7975
212 904824.8 17.79
214 758456.8 15.805
215 955970.2 14.8125
217 829560.2 12.7975
216 1054140.6 13.805
218 905013.2 11.79
219 880205.6 10.7825
220 885008.0 9.77496
222 991576.8 7.75995
224 913148.8 5.71496
223 1021601.8 6.73746
221 1158156.8 8.76746
225 1153802.6 4.69247
226 1170632.4 3.66997
227 1209061.6 2.64747
228 1245120.6 1.62497
229 1260558.4 0.60247
234 980210.2 -4.54504
230 1341721.0 -0.435025
231 1350509.4 -1.47252
232 1360372.8 -2.51002
233 1310281.2 -3.54752
236 1225791.2 -6.53002
237 1187468.6 -7.52252
235 1501377.8 -5.53753
238 1320112.4 -8.51501
239 1315897.6 -9.50751
243 1146209.4 -13.5225
240 1562777.8 -10.5
241 1393234.6 -11.5075
247 1048813.0 -17.5525
242 1411598.0 -12.515
244 1434185.8 -14.53
245 1432647.8 -15.5375
246 1411043.8 -16.545
248 1396624.4 -18.56
250 1290149.2 -20.605
251 1043760.8 -21.6275
249 1650996.0 -19.5825
252 1047339.8 -22.65
254 1213999.2 -24.695
256 1321126.4 -26.74
258 1252206.4 -28.815
259 1231124.8 -29.8525
257 1393906.6 -27.7775
253 1686635.4 -23.6725
255 1699550.6 -25.7175
261 1216626.6 -31.8425
260 1371175.0 -30.85
262 1494179.6 -32.835
263 1414463.4 -33.8275
264 1583380.0 -34.82
266 1295394.2 -36.82
267 1369241.8 -37.8275
269 1304412.4 -39.8425
270 1295039.0 -40.85
265 1728535.4 -35.8125
268 1415147.0 -38.835
272 1308399.6 -42.8651
271 1565081.4 -41.8575
273 1492881.0 -43.8726
274 1638458.4 -44.8801
275 1565056.4 -45.9025
276 1356775.4 -46.925
278 1299885.6 -48.97
277 1541831.2 -47.9475
280 1433204.0 -51.015
279 1569819.8 -49.9925
282 1620582.6 -53.06
283 1429621.6 -54.0825
281 1768082.6 -52.0375
285 1480942.6 -56.1575
284 1716586.6 -55.12
287 1503669.4 -58.1475
286 1566304.0 -57.155
288 1454655.8 -59.14
289 1376588.0 -60.1325
290 1536295.0 -61.125
292 1571942.2 -63.14
296 1344420.8 -67.17
291 1886272.4 -62.1325
294 1678099.4 -65.155
295 1670182.6 -66.1625
293 1830142.6 -64.1475
297 1649254.4 -68.1776
298 1434301.4 -69.1851
299 1581720.2 -70.1926
300 1685490.6 -71.2001
301 1769951.8 -72.2226
302 1692645.8 -73.2451
303 1584210.6 -74.2675
306 1459812.4 -77.335
304 1616544.6 -75.29
305 1631024.0 -76.3125
307 1694714.0 -78.3575
308 2030342.6 -79.38
310 1653638.2 -81.425
309 1837200.8 -80.4025
311 1602748.8 -82.4625
312 1796466.0 -83.46
313 1938766.0 -84.4525
314 1851386.2 -85.445
316 1721751.4 -87.445
315 1967904.4 -86.4375
318 1781790.6 -89.46
317 1928738.6 -88.4525
319 1900432.2 -90.4675
320 1746558.6 -91.475
322 1867220.4 -93.49
321 1932857.2 -92.4825
323 1809873.4 -94.4976
324 2224244.4 -95.5051
326 2028727.2 -97.5201
329 1812640.0 -100.588
325 2240881.0 -96.5126
327 2459408.2 -98.5425
330 2315576.8 -101.61
328 2486845.4 -99.565
331 2214361.4 -102.633
332 2180098.8 -103.655
334 2182921.6 -105.7
335 2324382.0 -106.723
333 2410671.2 -104.678
336 2413209.6 -107.745
338 2187355.0 -109.765
337 2869508.6 -108.768
339 2740936.0 -110.758
346 1880062.6 -117.795
340 2657072.6 -111.75
344 2253828.6 -115.78
345 2219004.6 -116.788
347 2053797.4 -118.803
341 2785530.8 -112.758
343 2700843.4 -114.773
342 2921754.4 -113.765
348 2509891.8 -119.81
350 2122189.8 -121.825
352 1718482.2 -123.84
349 2759311.0 -120.818
351 2174873.0 -122.833
353 1919150.8 -124.863
354 2178977.2 -125.885
357 1966545.2 -128.953
356 2193459.2 -127.93
358 2161443.0 -129.975
355 2295955.8 -126.908
359 2229652.4 -130.998
365 1903872.8 -137.062
360 2502547.0 -132.02
363 2096023.0 -135.077
364 2217721.8 -136.07
361 2415771.2 -133.043
362 2645519.8 -134.065
368 2238282.0 -140.085
366 2581077.8 -138.07
370 2408565.4 -142.1
367 2657575.0 -139.077
369 2581212.6 -141.092
371 2749386.8 -143.107
372 2543358.6 -144.115
373 2491367.8 -145.123
375 2515206.4 -147.138
374 2673630.0 -146.13
376 2622077.2 -148.145
377 2545860.6 -149.153
378 2362599.6 -150.16
381 2234356.4 -153.228
379 2499174.0 -151.183
382 2493357.0 -154.25
380 2661026.4 -152.205
383 2919380.6 -155.273
384 2474959.8 -156.295
387 2466602.4 -159.363
385 2654743.2 -157.318
386 2529668.4 -158.34
388 2785611.4 -160.385
389 2793750.4 -161.382
392 2453730.2 -164.39
390 2725650.0 -162.375
391 2665450.4 -163.382
394 2778340.6 -166.405
393 2810151.6 -165.397
395 2625421.6 -167.412
397 2698940.0 -169.427
396 2920292.0 -168.42
399 2708854.0 -171.443
398 2996410.8 -170.435
402 2364290.6 -174.465
404 2612128.2 -176.48
400 2931219.4 -172.45
403 2875392.2 -175.473
401 3229198.4 -173.458
406 2792471.6 -178.525
405 2938241.8 -177.503
407 2670619.2 -179.548
409 2698800.2 -181.593
412 2623170.8 -184.66
408 3124224.2 -180.57
410 3154435.6 -182.615
411 2957510.2 -183.638
413 2637107.8 -185.683
415 2811009.6 -187.687
414 3231418.8 -186.695
417 2776530.2 -189.702
416 3301778.6 -188.695
418 2984491.4 -190.71
419 3063827.0 -191.717
420 2756788.0 -192.725
421 3200074.4 -193.732
422 3060162.0 -194.74
424 3070107.6 -196.755
423 3390283.0 -195.747
425 3338521.8 -197.763
427 3013047.6 -199.778
426 3301741.0 -198.77
428 3218279.6 -200.785
429 3115432.2 -201.793
430 3579888.6 -202.8
431 3193707.6 -203.823
432 3080686.8 -204.845
434 3111661.2 -206.89
433 3237934.4 -205.868
435 3112115.8 -207.913
438 2984810.0 -210.98
437 3346298.4 -209.958
436 3402731.2 -208.935
439 3303890.4 -212.003
440 3429304.2 -213.0
441 3236882.4 -214.007
442 3240327.8 -215.015
443 3318364.4 -216.022
444 3418913.0 -217.03
447 3271062.0 -220.052
445 3771549.2 -218.037
446 4004146.8 -219.045
448 3589662.6 -221.06
449 3583194.2 -222.068
451 3518049.6 -224.083
450 4006770.0 -223.075
453 3422981.4 -226.098
454 3669817.2 -227.105
452 4262470.8 -225.09
455 3800346.2 -228.113
456 4028119.4 -229.12
457 3624273.2 -230.143
459 3025261.2 -232.188
458 3546626.8 -231.165
460 3358978.6 -233.21
461 3402586.2 -234.233
462 3514801.2 -235.255
463 3369449.2 -236.278
464 3479895.6 -237.3
465 3614095.2 -238.312
467 3524054.2 -240.327
466 3902266.6 -239.32
468 3335844.2 -241.335
471 3115949.0 -244.357
470 3784838.2 -243.35
469 4185271.0 -242.342
472 4075234.0 -245.365
473 4250915.2 -246.372
474 4090267.8 -247.38
475 4336356.4 -248.388
476 4501485.2 -249.395
477 4012686.4 -250.403
478 4300596.8 -251.41
480 4005817.4 -253.425
479 4391908.2 -252.418
481 4475758.8 -254.433
482 4365109.0 -255.44
486 3354004.8 -259.53
483 4558618.8 -256.463
484 4615292.8 -257.485
485 4744202.8 -258.508
487 4423744.2 -260.553
488 4257202.0 -261.575
489 4013745.6 -262.598
490 4016621.4 -263.62
491 3830248.4 -264.633
492 4207353.6 -265.64
493 3582099.0 -266.648
494 3347030.8 -267.655
495 3204902.0 -268.663
496 3139567.6 -269.67
497 2778925.2 -270.678
498 2505846.8 -271.685
499 2419808.0 -272.693
